000001
000005
000007
000010
000011
000015
000021
000023
000025
000028
000035
000043
000048
000058
000060
000062
000063
000068
000074
000076
000085
000087
000091
000109
000114
000118
000119
000122
000124
000127
000134
000142
000144
000147
000149
000150
000153
000157
000162
000164
000167
000179
000186
000187
000189
000190
000193
000194
000195
000200
000201
000208
000209
000211
000214
000217
000223
000228
000254
000263
000265
000266
000268
000271
000273
000274
000275
000277
000286
000287
000290
000292
000294
000295
000298
000303
000306
000308
000310
000312
000316
000317
000320
000324
000328
000329
000330
000331
000332
000333
000335
000336
000337
000347
000348
000354
000360
000364
000365
000366
000371
000379
000380
000381
000382
000384
000394
000397
000398
000401
000408
000409
000412
000422
000423
000428
000442
000445
000446
000448
000449
000460
000461
000462
000463
000464
000465
000468
000472
000477
000481
000487
000490
000496
000499
000501
000502
000509
000514
000518
000520
000528
000532
000535
000536
000548
000559
000567
000571
000575
000585
000595
000596
000599
000604
000608
000613
000614
000615
000622
000625
000632
000633
000638
000639
000646
000659
000663
000671
000674
000675
000679
000685
000691
000695
000698
000703
000705
000718
000720
000721
000731
000734
000736
000742
000743
000744
000746
000754
000755
000760
000761
000764
000770
000771
000773
000774
000780
000782
000787
000789
000796
000797
000799
000801
000804
000806
000808
000809
000811
000812
000816
000825
000826
000841
000859
000860
000861
000862
000868
000874
000883
000889
000902
000906
000910
000913
000915
000919
000923
000924
000925
000928
000936
000937
000940
000947
000957
000958
000959
000961
000965
000966
000971
000972
000982
000987
000988
000998
000999
001003
001015
001019
001021
001022
001026
001027
001031
001033
001034
001036
001037
001042
001045
001050
001055
001057
001065
001068
001069
001077
001086
001088
001091
001100
001101
001111
001112
001113
001114
001123
001124
001132
001134
001145
001147
001160
001161
001168
001169
001171
001174
001177
001179
001180
001184
001189
001193
001198
001203
001205
001207
001208
001211
001213
001216
001220
001221
001222
001225
001228
001233
001238
001245
001249
001254
001256
001262
001263
001266
001267
001272
001274
001279
001281
001283
001286
001289
001290
001300
001307
001310
001314
001319
001328
001330
001333
001334
001336
001340
001348
001351
001354
001355
001357
001358
001360
001366
001368
001371
001372
001374
001384
001394
001396
001404
001405
001406
001407
001409
001419
001422
001423
001424
001425
001426
001428
001431
001433
001438
001439
001441
001450
001455
001458
001464
001466
001467
001468
001477
001485
001488
001496
001504
001516
001519
001523
001531
001540
001543
001544
001548
001557
001570
001571
001572
001574
001580
001588
001589
001592
001600
001605
001609
001610
001611
001618
001622
001627
001629
001632
001636
001640
001643
001644
001655
001661
001665
001667
001672
001674
001676
001677
001693
001696
001702
001706
001707
001712
001714
001717
001721
001727
001755
001758
001762
001766
001770
001774
001776
001777
001779
001782
001783
001785
001786
001788
001795
001796
001801
001804
001811
001814
001817
001822
001827
001830
001835
001846
001849
001853
001863
001868
001870
001873
001874
001878
001879
001880
001881
001895
001897
001908
001911
001915
001916
001918
001920
001926
001929
001945
001946
001948
001951
001957
001958
001962
001963
001964
001970
001971
001972
001974
001979
001981
001982
001984
001987
001994
001997
001998
001999
002000
002003
002005
002006
002007
002014
002016
002023
002024
002030
002036
002042
002045
002048
002050
002058
002059
002063
002071
002073
002075
002076
002080
002084
002088
002091
002092
002095
002096
002101
002108
002112
002114
002117
002124
002128
002133
002144
002147
002157
002159
002160
002164
002167
002171
002175
002176
002178
002181
002189
002199
002200
002206
002210
002211
002226
002232
002233
002245
002249
002254
002257
002269
002271
002275
002279
002282
002285
002287
002288
002289
002294
002296
002299
002301
002307
002308
002309
002315
002320
002322
002324
002327
002342
002345
002348
002357
002360
002367
002375
002379
002386
002388
002391
002393
002399
002403
002404
002405
002410
002416
002418
002420
002422
002424
002440
002444
002456
002460
002465
002477
002478
002480
002485
002488
002493
002494
002502
002505
002507
002510
002512
002514
002517
002526
002529
002531
002535
002536
002537
002538
002541
002546
002548
002549
002554
002557
002564
002568
002574
002586
002595
002598
002601
002605
002609
002612
002613
002615
002616
002617
002626
002630
002634
002640
002641
002643
002649
002651
002663
002666
002671
002677
002680
002681
002685
002686
002689
002690
002691
002692
002693
002694
002696
002699
002703
002707
002709
002715
002721
002723
002725
002727
002728
002731
002734
002737
002738
002739
002742
002749
002754
002755
002762
002767
002769
002771
002772
002774
002775
002792
002798
002799
002812
002813
002816
002822
002829
002837
002838
002842
002851
002857
002858
002860
002863
002864
002867
002868
002870
002875
002881
002883
002885
002888
002892
002893
002897
002901
002904
002906
002914
002915
002917
002927
002933
002937
002939
002943
002945
002952
002953
002966
002973
002979
002986
002991
002994
002999
003000
003002
003004
003008
003009
003011
003013
003014
003018
003024
003027
003028
003033
003034
003042
003046
003047
003050
003054
003057
003061
003065
003071
003074
003078
003082
003084
003085
003087
003095
003096
003099
003102
003103
003105
003106
003109
003115
003121
003122
003124
003126
003130
003135
003140
003141
003146
003147
003149
003155
003156
003157
003159
003162
003163
003164
003172
003177
003178
003179
003183
003185
003193
003195
003197
003199
003202
003206
003207
003219
003221
003222
003229
003232
003233
003235
003237
003238
003244
003249
003250
003251
003254
003257
003258
003260
003267
003269
003283
003286
003287
003294
003296
003302
003306
003307
003309
003310
003311
003315
003321
003323
003324
003329
003330
003331
003333
003336
003339
003349
003356
003367
003368
003373
003377
003379
003380
003387
003390
003393
003398
003403
003404
003407
003417
003421
003422
003435
003437
003438
003442
003450
003459
003465
003469
003472
003476
003478
003481
003487
003489
003490
003491
003498
003502
003512
003514
003518
003526
003527
003533
003534
003540
003548
003552
003554
003555
003556
003564
003571
003573
003576
003580
003583
003586
003587
003589
003603
003611
003616
003617
003626
003628
003632
003633
003634
003641
003642
003643
003644
003646
003649
003653
003663
003667
003668
003675
003682
003683
003687
003691
003696
003700
003703
003706
003713
003718
003722
003728
003737
003739
003740
003744
003750
003753
003759
003762
003766
003770
003774
003775
003777
003779
003784
003786
003787
003790
003793
003797
003801
003805
003823
003838
003849
003856
003861
003869
003876
003878
003880
003885
003887
003897
003899
003905
003912
003921
003922
003924
003927
003929
003934
003938
003948
003954
003962
003963
003969
003971
003974
003978
003981
003982
003986
003995
003997
004002
004011
004012
004019
004021
004024
004027
004035
004038
004041
004049
004051
004053
004055
004057
004058
004065
004068
004073
004074
004077
004085
004088
004092
004093
004094
004098
004099
004103
004109
004111
004114
004116
004117
004119
004125
004127
004136
004139
004140
004142
004149
004164
004165
004176
004177
004179
004185
004187
004188
004192
004194
004197
004210
004212
004215
004219
004222
004223
004224
004229
004233
004235
004237
004246
004247
004250
004251
004252
004261
004265
004268
004273
004274
004281
004283
004287
004290
004291
004292
004297
004301
004304
004312
004321
004324
004325
004327
004328
004332
004335
004337
004338
004346
004347
004349
004350
004351
004364
004367
004370
004371
004379
004383
004384
004391
004402
004404
004410
004411
004414
004417
004419
004422
004425
004428
004433
004436
004443
004446
004449
004459
004469
004470
004472
004474
004482
004483
004484
004485
004487
004488
004490
004501
004503
004512
004513
004514
004515
004521
004524
004527
004529
004532
004534
004536
004542
004543
004549
004553
004558
004561
004562
004564
004567
004569
004570
004580
004584
004588
004594
004595
004597
004602
004605
004613
004619
004624
004627
004630
004637
004639
004657
004665
004674
004679
004685
004690
004692
004693
004696
004704
004706
004710
004712
004713
004717
004720
004724
004729
004733
004736
004747
004749
004757
004764
004772
004773
004780
004782
004786
004787
004788
004790
004793
004796
004797
004800
004802
004811
004813
004814
004817
004818
004825
004827
004835
004837
004844
004854
004857
004862
004866
004870
004877
004882
004897
004901
004902
004903
004904
004906
004909
004915
004921
004923
004924
004928
004931
004934
004939
004940
004941
004943
004944
004945
004946
004947
004949
004950
004953
004954
004960
004963
004964
004965
004968
004972
004976
004977
004983
004989
004996
004998
005005
005007
005010
005011
005017
005021
005023
005027
005030
005031
005035
005037
005040
005041
005043
005044
005045
005050
005054
005055
005059
005064
005065
005075
005077
005078
005080
005083
005084
005085
005086
005092
005097
005104
005110
005114
005115
005116
005119
005124
005131
005133
005142
005147
005149
005157
005162
005165
005168
005170
005171
005172
005185
005188
005196
005198
005203
005207
005208
005211
005213
005217
005218
005226
005228
005231
005235
005240
005241
005244
005259
005263
005267
005271
005273
005276
005280
005281
005282
005286
005287
005294
005300
005309
005311
005312
005314
005316
005323
005324
005329
005338
005341
005348
005353
005356
005358
005369
005370
005371
005378
005380
005383
005386
005391
005395
005403
005408
005417
005418
005422
005426
005428
005429
005430
005433
005436
005439
005450
005453
005467
005473
005485
005494
005495
005504
005511
005515
005517
005518
005519
005523
005524
005526
005528
005532
005533
005536
005539
005540
005541
005544
005545
005546
005551
005553
005554
005555
005559
005565
005567
005579
005582
005584
005587
005598
005604
005608
005619
005621
005622
005625
005631
005633
005637
005647
005656
005661
005666
005673
005677
005682
005687
005692
005693
005696
005699
005711
005713
005718
005719
005724
005733
005735
005744
005750
005760
005762
005763
005770
005771
005778
005779
005784
005790
005793
005796
005801
005804
005806
005808
005812
005818
005822
005824
005825
005835
005836
005837
005838
005843
005846
005849
005852
005853
005856
005866
005873
005878
005880
005882
005888
005890
005891
005899
005902
005905
005910
005912
005914
005915
005918
005920
005924
005928
005931
005933
005934
005944
005945
005948
005949
005950
005958
005959
005964
005965
005980
005982
005984
005988
005991
005994
